,0
0,0.5632090761750406
1,0.5575364667747164
2,0.4821717990275527
3,0.5453808752025932
4,0.5153970826580226
5,0.5
6,0.47893030794165314
7,0.49108589951377635
8,0.5623987034035657
9,0.47893030794165314
10,0.5753646677471637
11,0.5324149108589952
12,0.5518638573743923
13,0.5072933549432739
14,0.5145867098865479
15,0.47811993517017826
16,0.5591572123176661
17,0.5040518638573744
18,0.5275526742301458
19,0.534035656401945
20,0.48703403565640196
21,0.4862236628849271
22,0.513776337115073
23,0.559967585089141
24,0.5299837925445705
25,0.49351701782820095
26,0.4829821717990275
27,0.5437601296596435
28,0.5194489465153971
29,0.5153970826580226
30,0.5291734197730956
31,0.5356564019448946
32,0.5170178282009724
33,0.5413290113452188
34,0.5332252836304701
35,0.49108589951377635
36,0.5429497568881686
37,0.4813614262560778
38,0.5502431118314425
39,0.5437601296596435
40,0.5048622366288493
41,0.5210696920583469
42,0.5307941653160454
43,0.5024311183144247
44,0.5032414910858996
45,0.5388978930307942
46,0.5494327390599676
47,0.48703403565640196
48,0.513776337115073
49,0.546191247974068
50,0.4837925445705024
51,0.5688816855753647
52,0.5656401944894651
53,0.5372771474878444
54,0.546191247974068
55,0.5413290113452188
56,0.5421393841166937
57,0.5105348460291734
58,0.5275526742301458
59,0.5307941653160454
60,0.5364667747163695
61,0.5388978930307942
62,0.5048622366288493
63,0.5243111831442464
64,0.5745542949756888
65,0.5032414910858996
66,0.5081037277147488
67,0.520259319286872
68,0.5526742301458671
69,0.5470016207455429
70,0.4878444084278768
71,0.5081037277147488
72,0.49189627228525123
73,0.5226904376012966
74,0.5283630470016207
75,0.49189627228525123
76,0.47811993517017826
77,0.5170178282009724
78,0.5072933549432739
79,0.5583468395461912
80,0.4821717990275527
81,0.47811993517017826
82,0.5097244732576985
83,0.5072933549432739
84,0.5721231766612642
85,0.4959481361426256
86,0.5607779578606159
87,0.47974068071312803
88,0.5405186385737439
89,0.49108589951377635
90,0.48703403565640196
91,0.5680713128038898
92,0.5332252836304701
93,0.5607779578606159
94,0.526742301458671
95,0.5632090761750406
96,0.5421393841166937
97,0.49027552674230146
98,0.4862236628849271
99,0.5364667747163695
